161
202
170 147
186
155 100
137
104  7
43
 5 53
86
39 138
170
107 171
203
120 178
209
106 188
219
 99 213
246
113 211
245
106 185
219
 81 188
223
 95 206
241
125 173
208
106 119
142
 62 111
115
 65 63
60
25 33
41
 0 23
42
 0 58
86
37  97
127
 77 129
157
108 217
239
192 168
179
137 196
200
163 197
198
164 152
158
124 101
115
 80 66
88
52 25
57
20  0
28
 0  8
77
33  33
110
 64  43
120
 68  81
156
 99  87
161
100  59
129
 69  49
116
 62 17
79
30  0
54
13  0
52
12 16
69
25 17
72
17 26
82
 9  98
157
 67 171
232
128 182
239
126 206
253
137 207
250
134 151
190
161 131
170
139  87
124
 91  6
40
 3 51
83
36 131
162
102 172
203
123 186
216
118 201
232
113 213
246
115 216
250
114 211
244
111 209
243
120 209
243
131 191
223
124 169
192
114 118
124
 76 81
83
46 48
60
20 18
39
 0 50
79
31  99
131
 82 115
144
 96 166
187
142 197
209
169 196
202
166 183
187
154 150
155
123  92
106
 73 40
62
26 20
52
15 19
65
26  48
116
 69  79
156
104  94
169
112 130
204
143 137
209
145 115
183
122 110
175
119  79
138
 90 39
96
55 44
96
58  3
54
13  0
46
 0  74
126
 60 149
204
121 179
236
139 202
255
151 199
245
136 201
243
133 117
153
127  93
127
102 58
91
62  7
38
 4 61
90
46 130
159
101 175
203
128 188
217
124 189
218
108 192
222
100 205
236
109 217
249
124 212
245
130 192
223
120 178
208
118 181
204
132 120
128
 81 89
95
59 54
70
31  8
33
 0 34
67
22  91
127
 81  96
127
 83 116
141
 99 175
189
153 160
170
136 157
162
132 146
152
124  86
101
 72 19
43
11 18
49
17  54
101
 59  80
147
 93 118
192
129 131
203
137 157
228
158 160
230
160 145
209
146 145
206
149 112
168
121  54
106
 68  64
111
 77  0
35
 2  0
33
 0 115
162
108 173
222
156 161
213
131 196
245
154 185
229
132 187
229
129 100
132
111 59
91
68 23
53
29  2
29
 0 65
92
51 129
156
103 179
204
136 189
214
130 210
236
135 209
237
126 211
240
124 216
244
133 215
243
141 205
234
142 196
223
142 193
215
150 129
140
 97 84
95
61 50
70
33  7
38
 0 20
59
15  67
106
 62  73
108
 68  99
127
 89 133
150
118 126
136
109 124
132
108 110
118
 94 54
70
44  2
26
 0 18
51
22  66
112
 73 130
194
133 168
240
167 169
240
164 180
248
173 180
243
172 169
230
163 172
227
170 135
184
137 42
88
52 38
81
53  1
41
14 30
69
38 134
175
133 168
211
158 156
200
137 187
231
156 184
226
142 188
228
140  92
119
102 41
68
51  7
32
11  9
33
 7  82
104
 68 140
162
115 191
213
151 189
211
136 206
230
142 210
234
138 199
224
123 185
211
114 195
219
131 212
237
156 203
226
156 175
196
139 142
159
117 71
88
54 37
65
27  9
45
 7  3
48
 7 20
65
26 27
67
32  73
104
 73  93
113
 88  99
112
 92 88
97
78 50
61
44  8
25
 6  3
28
 7 42
76
52  83
129
 90 145
207
140 184
253
172 175
243
160 173
236
157 173
231
157 170
225
158 171
220
165 124
167
124 45
81
51  4
38
14 11
44
23  70
102
 79 115
148
119 139
173
136 159
195
149 170
208
151 165
204
137 168
208
135 39
61
48 13
36
20 13
36
18 48
70
47 118
139
108 157
178
135 199
220
164 181
202
135 177
198
123 192
214
132 192
214
131 185
207
125 197
219
144 210
231
164 182
202
143 134
153
105 123
143
105 38
64
29 13
47
10  3
45
 7  0
42
 6  0
42
 7  0
28
 0 20
54
29 26
49
29 44
61
45 43
55
41 18
30
16  7
25
 9 35
62
43  80
115
 93 107
153
116 146
206
136 188
252
166 177
239
156 172
229
150 177
229
157 180
226
164 169
209
157 101
136
 96 45
75
47  0
16
 0  0
25
 8 42
69
50 48
76
53 65
94
66  97
127
 93  95
128
 85  85
122
 70  89
127
 68  0
18
 7  0
20
 8 26
47
30 67
89
66 115
136
105 138
158
120 188
207
159 174
193
137 194
215
150 195
216
149 198
217
149 201
220
154 199
217
157 182
199
145 152
168
121 124
142
100  78
102
 66 11
42
 8  9
49
14 19
65
29 36
87
54  51
105
 73 21
67
41  8
46
25  4
31
16 11
28
18 13
26
17 14
27
17 19
41
28 43
72
54  75
113
 92  98
146
108 158
215
147 206
255
183 199
253
175 194
244
171 201
246
181 199
238
183 166
199
154  75
102
 67 22
44
19 19
40
21 11
32
15 12
33
16 21
43
22 21
43
20 24
49
20 36
63
30 14
49
 7 18
55
11 14
36
23 17
40
24 30
53
33 46
68
43 66
87
56  87
109
 70 165
186
141 172
195
143 202
223
167 170
189
134 147
166
111 142
159
107 121
137
 90  89
104
 63 83
97
61 100
117
 81 51
77
42  8
42
 7 31
72
38  55
105
 70 103
158
126 150
205
176 101
150
128 45
86
68 56
84
72 27
47
38  5
20
13  6
22
12  6
30
16  7
38
20 30
70
46  61
109
 71 123
177
115 175
228
156 169
219
150 165
209
146 172
211
156 161
194
147 108
134
 97  0
20
 0  0
15
 0 75
90
69 61
76
57 31
46
27 59
77
55 42
62
35 13
33
 5 47
72
42  8
42
 9 13
48
15  2
26
10 20
45
26 28
54
29 33
60
29 46
72
35 72
99
58 103
129
 82 112
138
 90 146
170
122 116
137
 92  94
112
 70 63
79
40 80
94
59 72
86
53 74
85
55 48
65
33 20
46
11  0
34
 0  67
111
 76 134
185
152 183
240
208 186
242
215 168
220
198  93
135
121 66
96
86 18
39
32  6
23
15 19
36
26  2
26
10  0
25
 4 20
63
36 51
99
61 112
162
107 107
157
 96 146
191
136 148
188
138 131
163
122  98
125
 90 38
58
30 34
48
23 73
85
61 106
116
 92 116
129
103 121
134
108  92
107
 78  85
102
 70 56
76
41 38
63
31 21
54
23  5
41
13 26
58
35  7
40
13  0
25
 0  8
40
 3  5
38
 0  0
26
 0 24
56
 7 61
90
44 102
129
 86  85
110
 71 56
75
43  0
14
 0  6
20
 0 39
51
27 84
94
70 79
93
67 12
38
 3 54
88
53 144
188
153 167
218
185 164
220
191 167
223
198 170
221
202 112
154
140 66
96
86 17
40
32 10
27
17 34
52
40 24
49
28  2
36
 9  0
37
 2  0
37
 0  0
46
 0  9
55
 6  64
107
 64  65
101
 65 34
63
33  9
31
 6  1
16
 0 49
61
39  97
105
 81 135
144
117 144
153
122 134
145
111  98
112
 76  98
114
 77 75
93
55 57
81
45 29
62
33 17
53
27 31
70
39  62
102
 67  87
128
 86 113
155
107  97
137
 85 45
85
32 15
53
 2  0
26
 0  0
24
 0 21
48
15 53
75
50 39
57
35 30
43
23 25
37
17 33
42
21 12
25
 0 19
43
 9  98
130
 93 192
232
197 185
232
200 157
210
182 166
220
196 168
217
198 106
147
133 53
83
73  7
29
17  6
24
10 48
67
48 64
90
63 55
91
55 28
75
31  0
48
 1 16
65
20  0
36
 0 16
55
24 18
52
27 10
35
16 11
29
13 30
43
26 102
111
 92 100
108
 84 158
165
134 178
188
151 169
181
141 135
150
107 138
155
113 105
123
 81 68
94
55  9
44
12 15
54
25  83
131
 89 165
214
169 180
230
179 159
210
153 143
193
130 142
190
128 124
169
112 50
92
42 14
51
10  8
39
 8 31
55
33 41
59
43 19
31
17 0
9
0 11
20
 1 18
31
 5 23
43
 8  94
122
 84 173
209
173 174
218
185 148
197
168 151
201
176 139
184
164  82
120
105 39
67
53  2
24
11 11
30
11 65
85
58 106
134
 96 127
165
118 119
168
113  90
143
 89  79
130
 87 11
56
23  0
38
12  0
33
14 13
37
24 23
40
30 33
45
33 92
99
83 89
95
69 158
165
131 194
205
163 201
214
170 175
191
146 167
186
141 102
123
 82 36
62
23  0
33
 0 31
72
38  95
153
102 179
238
182 184
244
182 164
225
156 157
217
145 172
229
158 177
232
167 108
157
102  72
114
 74 25
60
30 12
39
20 24
44
32  3
17
 4  2
13
 0 26
35
16 43
53
26  7
23
 0 49
71
32 107
139
102 138
178
143 122
167
136 113
159
133  96
139
119  73
107
 90 25
52
35 14
35
16 43
61
37  96
118
 82 137
166
120 170
209
152 176
227
160 153
207
145 113
165
117 46
93
59 25
68
41 11
45
28  9
35
24 16
33
25 23
35
25 80
86
72  98
103
 80 154
161
127 184
195
153 199
212
168 179
196
152 163
181
141  78
100
 62  0
25
 0 26
64
25  81
126
 85 119
184
124 167
233
169 168
235
164 194
255
185 187
254
174 158
222
144 167
228
158 136
191
133  97
144
102 44
83
54 19
48
30 30
52
40 12
28
17 35
46
30 47
56
35 36
45
18 19
31
 0 10
28
 0 23
51
11  74
110
 74  90
131
 99  95
139
112  76
115
 94 62
95
76  7
32
13 25
44
22 79
95
66 129
152
110 158
188
134 185
226
160 188
240
165 161
217
146 162
216
164  97
147
110  60
105
 76 17
51
34  5
31
22 28
45
39 48
59
51 104
112
 97 116
124
100 148
155
121 159
170
128 174
187
143 156
173
131 141
161
124 72
96
64 16
46
12 53
94
50 112
158
111 148
221
152 171
244
173 144
218
139 167
241
156 162
236
147 140
212
126 184
250
176 179
239
177 139
191
145 56
97
67  2
33
17 12
36
23  0
16
 5 49
62
45 89
98
77  97
106
 77 84
94
57 47
62
21  4
29
 0 24
56
19 40
79
48  68
108
 81 46
84
61 28
60
39  6
30
 8 40
58
32 103
120
 84 150
171
126 171
202
142 196
238
166 196
250
166 163
222
142 170
228
169 117
170
126  74
119
 88  7
45
24  0
16
 4 17
36
30 35
46
38 73
81
66 101
109
 85 117
124
 91 122
133
 93 137
152
111 113
131
 93  94
115
 84 54
78
52 36
67
36 42
84
38  92
139
 85  36
109
 40 123
196
123 141
215
138 173
246
167 179
252
171 169
237
160 180
245
177 120
178
120 105
156
113 19
62
32  0
30
 9 58
85
68 53
74
57 77
94
75  99
115
 89 116
130
 95 151
163
113 127
142
 87 58
80
31 19
46
 5  0
22
 0 16
48
25  5
36
18  0
23
 4 29
51
28 60
79
49 114
135
 94 154
179
124 174
209
141 204
249
168 209
255
172 176
234
150 153
207
147 138
187
142 123
167
131 49
88
59  3
35
14 10
34
18  3
24
 7 26
41
22 58
72
47 73
86
58 84
97
67 103
118
 87 67
83
54 39
55
29 12
29
10 18
42
16 22
57
15  67
107
 57 28
94
30  49
115
 51  96
162
 98 148
212
151 172
233
174 161
220
164 139
196
145 130
181
138 102
148
111 16
57
25  0
31
 3 59
92
65 52
82
54  75
104
 73 110
137
104 144
168
120 188
209
134 144
163
 81  88
107
 41 24
43
 0 20
39
11 25
43
27 0
6
0  2
20
 8 31
50
30 61
82
49 100
128
 77 144
176
111 181
222
144 204
250
162 194
248
152 178
230
145 162
207
150 125
166
124  96
137
 95 58
96
55 10
48
 9  8
44
 8 14
47
16  0
19
 0 20
45
23 38
61
43 51
69
53 64
78
63 65
78
61 31
40
23 10
17
 0 26
38
16 25
44
14 24
48
14  0
48
 0  0
57
 0 34
93
37  81
139
 88 114
170
123 128
181
139 115
165
127  89
136
100  68
112
 77  0
41
 7  0
33
 0  65
101
 65  76
111
 71 115
147
106 157
188
146 188
218
158 201
226
135 181
202
109 148
165
 94 82
96
45 57
70
42 44
56
44  0
11
 5 10
23
14 43
62
42  76
100
 64 118
148
 94 149
186
116 173
216
134 190
239
148 193
244
149 187
236
154 182
222
169 130
169
125  73
112
 67 20
62
14  0
30
 0  0
42
 0 23
64
22 20
60
25  0
24
 0  0
16
 0  0
10
 0  0
11
 0 15
27
15 0
5
0 2
6
0 26
31
 9 35
48
22 22
38
 9  6
61
 4  0
48
 0  0
52
 2 16
70
21 46
97
56  90
137
101  97
142
109  60
103
 73 37
78
46  0
32
 0  4
40
 2  68
103
 61  89
121
 72 130
160
108 165
196
139 183
213
143 196
221
129 200
221
130 183
203
132 112
128
 79 73
86
60 50
62
50  6
19
12 20
36
26 28
50
29 73
99
62 123
156
101 153
193
123 170
213
134 179
227
141 184
234
145 183
231
153 172
212
160 111
149
108 38
80
34  0
44
 0  6
50
 0 35
79
26  62
106
 57  74
117
 74  90
127
 93  80
113
 86  81
109
 87 62
83
64 66
81
62 35
47
27 59
66
46  92
100
 76  97
110
 80 77
93
57  84
133
 78  56
104
 52 27
75
27  0
45
 1  0
45
 8 50
94
61  71
114
 86 40
80
53 13
52
23  2
37
 5 36
71
31 100
132
 85 133
164
107 172
202
138 201
231
161 206
233
154 191
214
123 199
219
130 188
207
139 117
133
 86 76
90
64 54
68
53 14
30
20 33
51
39 30
54
30 69
97
59 113
147
 94 145
184
119 166
208
134 180
224
145 182
229
149 179
224
155 125
167
119  66
107
 67 10
53
 7 18
65
11  74
122
 64 110
160
 99 117
166
108 123
170
116 119
160
116 133
169
131 151
182
151 103
127
101 55
73
49  0
10
 0 29
41
17 76
87
57 116
131
 92  99
116
 74 138
182
123 122
165
109  86
128
 78 30
71
29  0
39
 5 19
58
29 30
68
43  7
42
20  0
28
 3  5
38
 7 58
89
48 114
144
 94 153
182
118 182
210
136 201
228
147 194
218
132 201
224
133 204
224
139 194
213
147 131
149
101  93
109
 82 61
78
62  8
28
16 20
43
27 36
62
35 57
87
49  89
123
 72 123
162
 99 160
201
133 184
227
156 182
225
154 165
209
148  84
127
 82 24
69
30  0
39
 0 47
96
40 136
188
122 173
226
158 164
217
149 157
208
142 158
206
148 184
226
176 203
238
196 139
169
133 62
86
54 12
31
 1 61
76
47 113
127
 92 131
147
100 121
138
 86 159
196
126 169
206
139 149
184
126  97
133
 85 51
87
49 25
60
30  4
38
14  0
21
 0  0
28
 5 18
48
20  76
104
 64 118
145
 94 158
183
118 173
197
121 186
210
126 175
198
108 199
219
130 192
211
132 184
202
140 133
150
105  93
112
 84 47
68
49 0
9
0  0
20
 1  0
23
 0 11
43
 2 44
81
29  93
133
 73 146
186
124 171
213
150 154
195
135 122
162
110  68
110
 70  8
53
14  0
45
 0  73
124
 65 157
213
142 189
245
170 183
240
163 176
232
157 164
215
148 175
220
161 158
198
146  94
127
 82 19
47
 7 21
45
 9 78
98
63 124
140
101 182
199
144 181
200
136 185
215
127 205
237
154 188
220
147 149
180
120 109
141
 94 51
82
48  4
36
12  3
35
14 15
47
26 38
66
41  94
120
 85 129
152
106 175
196
137 187
207
136 209
228
146 207
225
139 173
192
110 155
176
101 144
164
105  99
118
 73 64
84
56 25
49
27  0
11
 0 18
48
24  0
27
 0  0
34
 0 14
53
 0 50
89
32 100
139
 82 130
169
116 118
156
107  89
128
 84 55
97
61  4
50
13 26
74
26 110
162
100 164
220
147 180
239
157 187
246
162 190
248
164 190
244
168 186
236
167 135
179
120  76
114
 63 10
41
 0 63
90
49 115
137
 99 146
165
119 190
209
143 205
223
147 212
238
128 227
254
149 196
225
132 158
189
111 130
161
101 61
92
48  7
40
 9 22
54
31 20
52
31 35
63
40  78
103
 73  95
117
 78 134
152
100 137
153
 90 161
174
102 162
176
 99 155
171
 96 126
145
 77 109
128
 73 63
84
41 34
59
29 16
44
19 11
43
19  80
115
 85  65
103
 62 40
82
32 12
55
 0 11
52
 0 44
83
30  85
123
 76 103
138
 98  97
133
 97 37
78
46  3
49
12  55
103
 55 147
199
137 175
231
156 175
234
150 189
249
161 198
255
169 181
236
155 180
232
158 121
167
103  71
112
 56  3
36
 0  80
107
 66 123
148
109 143
165
116 185
205
133 211
231
146 217
241
105 212
239
108 209
238
120 202
232
132 175
208
129 120
154
 94 49
84
42  0
35
 5 28
62
38 34
63
43  86
112
 87  89
110
 79  94
110
 71 137
151
102 134
145
 87 123
133
 72 111
126
 61  82
100
 40  89
109
 58 45
67
28  9
36
 5 28
58
30 102
138
108 109
149
112 103
146
100 125
172
118  91
136
 77 23
66
10  5
45
 0 22
57
15 42
73
41 55
88
59 24
63
34  0
30
 0  64
112
 64 164
216
154 161
217
142 156
214
130 180
240
152 176
234
147 154
209
128 175
227
153  89
135
 71 27
68
12  3
36
 0 100
128
 87 144
169
130 191
214
162 211
234
154 213
236
145 221
245
 85 219
245
 92 214
243
103 205
236
116 186
222
124 151
188
111  98
137
 82 57
95
56 24
60
34  0
22
 1 27
54
35 53
75
52 70
86
57  97
109
 73 90
98
57  94
102
 55 112
125
 71 78
95
41 51
70
25 10
35
 0 16
45
14  83
118
 86 146
186
151 133
178
135 171
220
165 176
225
167 147
195
133 101
146
 87 57
97
47  9
43
 6  0
28
 3 28
58
34 13
49
21  0
32
 0  61
104
 58 146
194
134 158
210
138 166
221
140 186
244
160 179
237
153 150
204
128 119
169
100  70
114
 55 16
54
 3 57
88
44  82
109
 68 134
156
118 165
187
138 201
224
146 203
226
135 226
252
 69 227
254
 79 217
247
 89 202
236
 97 192
231
116 179
220
128 146
189
120 112
154
106  69
110
 76  0
28
 5  0
27
 9 25
49
33 44
61
42 60
72
50 58
63
40 79
86
53 68
79
36 48
64
19 12
33
 0  3
29
 0 48
79
47 150
187
153 190
235
194 169
219
168 179
233
171 180
235
168 175
226
159 169
215
153 130
170
120 46
77
43  0
24
 2 14
41
22 14
47
20  0
26
 0 14
53
 8  73
116
 60 121
168
100 160
210
137 171
223
148 148
200
126 129
178
112  55
100
 41 17
57
 5  2
35
 0  85
113
 73  82
106
 70 138
158
123 184
203
157 192
216
142 195
219
133 226
252
 57 229
255
 70 219
251
 78 198
234
 82 191
232
102 188
233
128 165
212
132 133
181
121 126
173
131 38
81
53 19
54
34 14
41
26 15
36
21 39
51
37 44
50
36 68
73
53 25
35
 1 26
41
 2 14
34
 0 49
74
42  92
126
 93 168
210
172 183
230
184 176
230
172 184
241
172 180
238
164 175
228
156 177
226
161 156
196
146  75
106
 72  8
33
12  2
25
 7 35
64
36 21
52
18  9
44
 1 19
58
 5  58
100
 37 104
149
 84 115
161
 96  96
142
 78 119
162
106  62
102
 52  5
40
 0 30
60
24  76
100
 68  97
116
 86 120
136
107 178
196
154 187
209
144 189
213
137 218
245
 44 225
255
 61 220
253
 74 202
240
 79 193
240
100 193
243
128 172
225
133 143
196
126 122
175
123  70
117
 81 55
95
69 11
44
27  0
16
 4 27
43
33 33
40
32 34
40
26 31
41
14 21
35
 2 26
45
15  89
116
 85 120
155
122 154
199
158 158
211
159 174
233
169 193
255
180 180
241
161 170
227
150 177
227
158 152
192
140  69
100
 66 15
38
18 27
48
31  9
34
 5 38
65
30 40
71
29  9
43
 0  0
27
 0  1
40
 0 12
53
 0 12
52
 0 41
78
35 37
71
34  1
30
 0 36
60
34 51
71
46  90
106
 80  94
106
 82 140
156
120 168
191
137 171
195
133 213
240
 39 221
251
 55 221
255
 72 210
251
 85 204
252
106 199
253
129 180
238
138 157
215
138  93
151
 92  75
128
 84  78
123
 94 24
59
39  0
21
 8 33
50
42 32
41
36 19
27
16 42
52
28  6
19
 0 10
29
 1 72
98
69 110
147
113 145
192
148 173
228
171 196
255
188 186
251
171 178
242
156 185
242
161 199
249
178 151
191
138 42
74
37  4
27
 7 55
76
59 73
93
66 114
138
102 139
166
125 116
145
 99  82
114
 65 64
98
48 46
82
36 26
61
21  0
19
 0  3
31
 6  0
19
 0  1
20
 1 33
48
29 61
74
54 87
96
75 119
132
104 131
152
109 133
157
107 220
247
 48 223
253
 59 221
255
 74 215
255
 89 207
255
108 196
252
125 179
240
134 163
227
141 108
170
105  79
135
 86  77
124
 90 25
63
40  0
26
11 34
54
45 42
53
47 43
50
42 44
53
34  3
16
 0  5
23
 0 26
52
23 61
98
64 117
164
118 175
233
174 180
244
170 181
246
162 181
246
156 182
242
156 173
225
151 111
152
 96 13
45
 8  0
22
 2 69
87
71  99
118
 90 116
136
 99 139
161
122 141
166
124 123
152
106  99
130
 86 57
87
49  7
36
 5 33
61
38 26
50
34 12
32
20  0
14
 3 34
46
34 35
46
30 59
66
48 84
94
70  84
103
 71  84
108
 72 228
255
 72 224
255
 75 218
255
 84 211
255
 96 200
253
109 185
244
118 169
232
127 160
223
140 146
206
144  83
139
 92  58
105
 71  8
46
21  0
14
 0 21
42
23 44
59
40 67
79
57 58
68
43 29
42
14 33
49
22  2
27
 0 12
46
13  72
115
 72 143
193
138 121
177
112 155
213
137 159
218
136 136
190
112  95
142
 72 51
90
35 18
49
 8 50
72
47 124
143
121 175
194
162 176
194
156 195
213
173 199
220
177 176
197
156 151
173
134 111
135
101 59
84
55 32
56
34 11
34
16 0
9
0  2
23
 8 29
48
29 19
36
17 12
26
 3 37
53
27 51
71
44 52
74
49 209
250
 86 205
250
 87 201
248
 90 201
253
106 198
254
119 175
234
116 193
254
158 145
205
131 109
163
111  79
129
 92 39
82
55  6
42
16 32
61
30 34
59
20 63
82
36  92
108
 61  95
106
 64 63
73
38 64
78
45 65
84
52 24
47
18  5
35
 1 49
84
44  99
138
 91  92
135
 81 117
161
100 105
147
 84 40
78
17  0
27
 0 16
45
 0  79
104
 65 126
148
110 195
216
173 198
217
171 207
222
179 197
210
167 178
189
149 176
186
149 144
155
121 80
95
64 100
120
 92  9
35
 6  7
38
 7 28
61
30 36
70
37 59
90
56 45
75
39 22
49
16 10
34
10 18
41
21 186
231
 88 196
243
101 199
250
109 196
249
115 185
243
120 167
226
118 194
254
166 152
209
141 106
158
112  55
100
 69 17
57
31  8
41
14 54
82
42 73
97
47 107
128
 63 125
141
 76 141
151
 98 132
141
 94 139
151
111 126
142
106 75
94
66 35
58
30 17
43
14  0
27
 0  8
43
 3 22
57
14 25
58
11 13
47
 0 22
54
 5 64
93
47 106
133
 90 128
154
109 202
226
176 188
211
159 197
213
166 204
215
173 195
201
163 186
190
157 153
160
129  99
110
 80 64
83
53  0
23
 0 12
48
10 50
91
49  69
110
 66  95
137
 91  91
130
 83  74
111
 67 50
80
46 46
72
43 179
223
 99 189
235
111 189
239
116 190
244
124 196
252
141 186
243
146 197
254
175 131
185
125 103
151
109 25
69
36  1
37
 9 23
54
22  84
110
 65 120
141
 84 157
177
105 158
174
 99 167
179
113 167
181
122 177
191
140 162
178
139 128
149
118 108
132
108 70
98
75 11
41
17  8
41
14  0
31
 0  0
24
 0  2
34
 0 35
65
27  73
101
 63  97
123
 88 104
131
 90 178
206
155 165
192
137 185
204
156 209
222
179 204
211
177 184
190
162 146
154
130  95
107
 83 35
55
30  0
29
 0 43
81
44  98
141
 98 123
167
118 149
193
140 153
198
141 144
185
127 123
162
107 104
141
 89 135
177
 77 159
204
103 176
224
122 186
236
137 195
249
155 182
236
152 180
233
163 100
150
 95  87
133
 94  7
48
16  8
43
11 57
85
47 113
137
 85 148
169
102 188
205
124 176
192
104 205
220
139 191
207
134 190
206
144 180
198
150 156
177
144 145
169
145 115
142
125 62
93
77 44
77
60 19
52
31  0
30
 6  0
32
 3 20
51
19 49
78
47  82
109
 78 105
133
 93 146
179
124 157
188
129 184
208
158 191
208
166 176
187
157 167
175
152 136
145
128 79
93
76 15
38
18 16
46
20  73
113
 78 134
180
134 155
204
148 170
221
155 179
229
158 172
220
146 178
224
149 156
200
125 45
85
14 104
146
 74 157
201
126 173
221
145 165
216
141 140
191
122 148
197
139  83
131
 83 52
94
58  0
33
 3 35
66
32  98
123
 81 142
163
104 166
184
108 207
222
131 192
206
108 218
234
136 193
212
122 201
219
145 210
229
173 181
203
165 145
169
145 111
139
125  78
108
100 50
81
73 23
55
44  0
33
16  0
27
 4  2
32
 4 14
43
12 40
70
36 67
98
56  90
128
 67 128
164
102 161
189
138 146
166
128 123
136
110 132
143
127 116
127
119 57
72
65  1
25
12 27
59
38  88
129
 95 146
194
144 162
214
148 165
222
143 177
233
144 169
226
131 182
238
139 168
223
122  3
42
 0 52
92
42 101
144
 90 131
176
119 139
187
129 119
168
112 128
176
128  64
109
 68 14
54
20  0
27
 0 62
89
54 131
153
106 167
186
122 184
199
116 222
234
136 209
222
114 218
236
126 194
215
112 210
230
145 229
250
185 199
222
178 155
179
153 120
148
134  90
121
115 19
52
45  6
39
28  3
38
18 16
50
23 23
57
22 18
50
 9 14
47
 2 16
53
 0  2
44
 0 45
86
20  92
125
 72  92
117
 78 78
93
72  89
101
 91 75
87
85 21
37
36  4
26
21 45
78
61 100
144
109 157
207
154 170
228
154 172
232
144 188
250
149 183
245
134 176
239
124 172
235
118 11
50
23 17
58
28 31
73
37  62
107
 66  94
141
 95  89
136
 90  95
140
 99 26
68
32  3
39
 9  7
38
 7  85
109
 73 149
168
120 187
202
133 198
210
124 229
240
136 217
230
116 230
250
129 217
240
126 222
243
148 217
239
166 184
208
158 153
180
149 109
138
120 54
86
75  0
22
11  4
41
23 40
79
48  84
122
 81 106
144
 93 100
138
 77  83
122
 55  70
112
 40 10
58
 0  0
45
 0 23
60
 6 46
74
36 40
59
39 37
50
43 29
43
46  7
22
27 10
35
32 59
93
77 105
151
115 156
209
153 172
233
155 175
239
142 197
255
151 192
255
139 179
248
123 182
252
127  8
46
31  0
37
17  0
32
 5  7
51
18 31
77
38 28
73
32 48
90
54  0
33
 0 10
45
15 24
53
23 100
122
 84 156
174
124 197
210
141 204
216
130 229
237
134 216
226
111 203
221
 99 207
230
114 212
234
136 189
213
135 161
188
133 150
178
140  92
124
100  3
38
18 16
54
29 53
92
61 111
153
107 160
204
145 181
224
153 174
217
137 156
200
111 144
190
102 118
169
 90 33
83
14  0
39
 0 16
46
 8  8
29
10 0
9
4  9
23
26 29
44
49  6
31
28 57
91
75  95
141
104 142
196
136 159
221
138 160
227
124 186
253
137 181
251
126 179
251
126 184
255
131 50
91
77  61
104
 85 47
91
64  6
51
18  0
30
 0  0
40
 0 10
52
14 11
48
14 16
49
20 46
73
42  87
109
 73 137
153
106 194
206
142 195
204
123 229
236
140 217
226
117 225
243
125 215
238
124 191
215
119 186
210
132 171
199
140  82
113
 69  2
36
 1 16
53
19  63
105
 65 123
167
116 173
219
154 179
228
147 171
222
129 177
228
123 183
233
120 176
227
122 154
209
126 125
176
110 58
98
46 29
61
24 18
39
20 10
25
18 24
35
37  4
19
22  0
13
 8 39
72
53  62
107
 68 104
158
 96 173
232
148 169
234
132 152
221
104 190
255
138 172
242
126 182
255
140 100
144
121 107
151
124  93
139
103  62
109
 67 42
90
42 35
81
34 15
58
13  0
28
 0  9
42
11 42
69
38  85
106
 73  94
111
 67 131
142
 84 172
182
111 203
211
125 211
221
124 191
208
102 198
219
116 184
207
117 151
175
101 107
135
 76 32
64
15  0
36
 0 57
99
53 140
185
130 174
223
157 201
253
171 200
254
160 198
254
145 208
255
144 206
255
136 192
246
134 180
235
152 163
215
153 104
146
 96 59
91
54 24
43
23  4
17
 7 15
26
22  2
17
12 14
36
24  4
36
12 25
68
25  72
124
 62 124
181
100 170
231
135 184
250
140 169
237
124 176
244
141 189
255
158 146
194
152 151
200
155 146
196
143 135
186
129 127
177
116 108
156
 96  60
104
 51 12
51
 6  0
32
 0 20
46
17 68
88
60 44
60
24 59
72
26 149
158
101 165
175
104 205
217
135 176
192
104 183
203
116 167
188
113 109
131
 66 55
82
27 13
45
 0 29
67
16 123
166
110 169
218
152 179
232
154 182
237
144 177
234
131 183
241
128 197
255
134 190
249
123 171
227
116 172
226
148 170
219
163 127
166
119  71
101
 65 26
44
20 13
24
 7 37
48
34 43
55
41 54
73
53  0
28
 0  7
46
 0 32
80
18  49
103
 27 132
191
101 196
255
158 162
223
127 172
236
150 188
251
172 155
210
145 163
218
150 171
224
152 173
227
151 173
226
148 154
205
130 107
153
 88  62
102
 49  7
42
 2  0
21
 0 37
59
34 12
30
 4 21
35
 0 120
131
 88 111
121
 68 177
187
126 175
187
121 156
172
107 126
144
 84 62
85
31 33
61
12 34
68
18  62
102
 49 150
196
134 179
229
158 182
235
153 179
236
142 176
234
132 186
243
136 198
255
144 194
251
138 177
233
134 158
211
143 150
196
147 109
146
102 51
79
41 18
34
 5 28
38
13 67
75
51 89
99
74  89
106
 74 53
80
39 38
74
24 20
64
 3  4
54
 0  60
113
 35 135
190
106 152
209
128 170
227
156 187
246
180 157
216
124 165
224
130 173
233
135 175
233
133 171
227
128 156
209
117 129
177
 99 103
147
 84 53
90
46  0
25
 0 17
40
20  6
24
 8 12
27
 6 76
89
63 38
50
14 100
111
 71 130
141
 99  97
110
 67 70
86
47 18
38
 0 20
47
 6 56
89
44  76
116
 64 140
185
126 169
221
149 178
233
152 185
241
154 186
242
153 187
243
152 190
244
156 186
240
154 178
230
156 166
215
160 132
175
132  80
115
 75 27
52
13 14
28
 0 46
53
19 85
91
55 112
120
 81 106
121
 78 124
148
 98  95
128
 73 52
92
32 30
76
12 10
59
 0 33
83
14  98
149
 83 152
203
146 172
225
171 165
228
114 173
236
121 179
243
123 179
243
123 175
235
119 166
223
116 158
211
121 154
200
128 108
146
 99 34
64
36 20
44
28  5
25
16 14
30
20 39
53
40  0
12
 0 29
39
15 60
68
45 40
50
26 43
57
34  5
23
 0 17
42
12  70
102
 63  83
122
 75 131
179
121 151
202
135 164
218
143 176
233
156 178
235
158 173
226
154 163
215
149 157
206
148 154
202
152 139
186
144  88
128
 91 45
77
40 19
41
 3 39
51
11 87
94
52 120
126
 80 150
158
107 129
144
 89 168
189
132 144
173
115 111
146
 88  98
139
 81 28
73
16  0
27
 0 24
71
19  92
140
 92 117
164
118 168
235
103 172
240
105 181
247
111 188
254
118 191
254
123 188
247
129 186
241
140 188
234
159 128
168
116  79
112
 83 35
61
48  1
21
19 22
38
37 43
58
55 39
52
43 24
34
25 35
42
35 30
37
30 57
69
59 16
33
17 13
37
15 57
88
56 54
93
49  91
138
 84 128
180
116 135
190
123 147
202
135 154
208
148 149
202
150 139
187
147 129
175
146 126
170
143  76
121
 90 26
66
32 14
44
 8 29
49
11 81
90
47 135
138
 91 159
162
109 192
197
139 178
190
128 182
202
139 175
203
142 164
197
140 142
179
127  89
128
 81 29
70
26  3
46
 3 26
69
26 54
97
54 170
228
 92 170
228
 90 177
236
 92 191
250
106 196
255
115 192
252
120 185
239
128 181
229
145 120
161
105 105
138
107 47
73
60  0
17
15 30
48
48 70
85
82 107
120
111 62
74
62 53
63
52 49
60
46 78
92
75 21
40
20  0
21
 0 22
53
19  0
35
 0 22
64
16  68
112
 59  67
114
 60  75
123
 73  88
133
 90  91
135
102  85
125
101  74
112
 99  69
105
 95 40
77
60  0
30
 9  8
32
 6 45
62
30 105
113
 72 152
156
105 165
169
108 197
204
134 225
237
161 189
208
129 199
223
149 195
225
155 152
183
123 138
172
119 108
144
 98 29
66
23  0
35
 0 27
64
23 193
231
109 202
241
114 208
250
112 205
253
105 200
253
101 198
251
107 192
244
120 187
234
138 154
196
133 106
142
106 48
76
61  6
28
23 51
71
62 51
67
54  92
106
 81  85
100
 67 67
83
47 78
96
58 77
98
57  83
106
 64  83
110
 67 50
79
35 20
51
 7 28
61
18 26
58
17 24
58
21 27
58
26 28
58
32 30
57
38 33
57
44 34
56
51 35
57
55  0
20
23 14
34
33 42
57
50 54
67
47 104
114
 79 133
141
 90 218
228
159 197
209
125 221
235
138 223
241
139 204
226
125 208
233
139 190
218
134 171
199
125 155
185
123  84
113
 59 21
50
 4 18
47
 3 199
226
111 207
237
115 213
247
109 210
250
102 205
252
 96 199
252
102 194
245
116 188
236
134 164
206
140 113
149
111 51
82
64 10
33
25 58
76
64 62
77
58 105
120
 87 102
119
 77 110
129
 81 125
148
 96 124
148
 96 121
145
 95 115
141
 93  78
106
 58 40
69
23 39
67
26  0
23
 0  0
24
 0  2
26
 4  5
26
 9  7
24
14  4
21
15  2
17
14  0
13
16  0
11
22 20
32
44 54
65
67 64
75
61 103
114
 82 126
136
 84 211
223
149 194
207
117 212
227
122 219
238
123 207
227
114 218
241
133 208
232
138 196
221
138 186
212
141 117
142
 84 59
85
37 54
80
35 